0.6659000000000006
0.4811000000000014
0.8127999999999993
2.2493000000000016
0.4353999999999978
2.125799999999998
0.8613999999999997
0.5473999999999997
0.3734000000000002
1.1617999999999995
1.6708999999999996
1.440999999999999
1.1031000000000013
0.5948000000000029
0.3370999999999995
0.410499999999999
0.6220999999999997
0.8658000000000001
1.2177000000000007
1.0137
0.5820000000000007
0.6742999999999988
0.9890000000000008
0.6460000000000008
1.5043000000000006
1.2040000000000006
0.8729000000000013
0.4403000000000006
0.7265999999999977
0.7115000000000009
1.0805000000000007
0.8641000000000005
0.6301000000000023
1.1664999999999992
0.6173000000000002
0.7896000000000001
2.894099999999998
1.1496999999999993
0.8488000000000007
2.0930999999999997
0.7471999999999994
0.6408999999999985
1.192499999999999
0.7705999999999982
0.5644999999999989
0.4096000000000011
0.9360999999999997
0.8321000000000005
1.7512000000000008
1.5074000000000005
1.4847000000000001
1.5141999999999989
0.668099999999999
0.42199999999999704
0.4060999999999986
0.7088000000000001
1.9114000000000004
1.2556000000000012
1.7253000000000007
2.9216000000000015
0.7052999999999976
0.8018000000000001
0.5244
-0.5987065233506463
0.24939999999999785
0.7095999999999982
1.7582999999999984
1.4429000000000016
0.7235000000000014
2.1335000000000015
0.6753999999999998
2.2539000000000016
0.9395999999999987
1.3671000000000006
0.44390000000000285
0.41929999999999623
0.2362000000000002
1.0457999999999998
0.6170000000000044
1.8230000000000004
1.131800000000002
0.6736000000000004
0.4452999999999996
0.5739999999999981
0.6744000000000021
0.27860000000000085
0.7817000000000007
0.575800000000001
0.6583000000000006
2.0473
0.9314999999999998
1.3048000000000002
0.5349000000000004
1.031299999999998
0.3719000000000001
1.4807000000000023
0.7923999999999971
1.8572999999999986
0.9991000000000021
0.6550000000000011
0.6957999999999984
0.4187999999999974
0.923099999999998
0.8821999999999974
0.602999999999998
1.2660000000000018
0.815999999999999
1.0701999999999998
1.0175000000000018
2.2837999999999994
0.2881
1.5777999999999999
1.7090999999999994
1.5931999999999995
2.1545000000000023
1.1342999999999996
2.2961000000000027
2.764000000000003
0.7263999999999982
1.0740000000000016
2.1777000000000015
1.7804000000000002
0.3072999999999979
1.4303999999999988
2.3415
0.6494999999999997
2.3286000000000016
1.6402999999999999
0.7856000000000023
0.742600000000003
1.0045000000000002
1.4846000000000004
2.0276999999999994
1.3854000000000006
0.9597000000000016
2.0238000000000014
2.0372999999999983
2.0943000000000005
2.1163000000000025
0.7144999999999975
1.6371000000000038
2.202400000000001
0.8229000000000042
0.7116999999999969
0.7972000000000001
0.679000000000002
2.249299999999998
2.7591
2.4858999999999973
2.1118999999999986
2.0237000000000016
0.6768999999999998
3.1035000000000004
1.1194999999999986
0.7282999999999973
1.0163999999999973
0.8340999999999994
0.5009000000000015
0.7825000000000024
0.5354000000000028
0.6584000000000039
1.8877000000000024
0.6211999999999982
0.7213999999999992
0.7151999999999994
0.796599999999998
0.6183999999999976
0.5840000000000032
0.45149999999999935
0.9100000000000001
0.3782999999999994
0.9871999999999979
0.9780000000000015
0.44679999999999964
1.311600000000002
1.8466000000000022
1.1544999999999987
1.1964223673557977
0.6399000000000008
0.5862999999999978
1.1077000000000012
1.2446999999999981
0.622399999999999
0.7545000000000002
2.259800000000002
0.8067999999999991
1.0161999999999978
0.6097000000000001
0.546599999999998
0.7229000000000028
0.49790000000000134
0.3785000000000025
0.5483000000000011
2.7576
0.2883999999999993
1.2719000000000023
1.3852999999999973
0.39369999999999905
0.9615000000000009
0.6266999999999996
0.8719999999999999
2.1235999999999997
1.4697999999999993
0.6707999999999998
0.8684999999999974
1.0907000000000018
2.4373000000000005
0.4475999999999978
0.4653999999999989
2.129100000000001
1.9478000000000009
0.6099999999999994
0.2195999999999998
1.7927999999999997
2.3887
0.42439999999999856
0.9377999999999993
0.9637999999999991
0.8767999999999994
0.6837000000000018
0.464699999999997
0.8670999999999971
1.795300000000001
1.0086000000000013
0.8094999999999999
2.0026999999999973
0.9992000000000019
1.774600000000003
0.7258999999999993
0.7530000000000001
0.7149000000000001
1.0451999999999977
1.848399999999998
0.8303000000000011
0.7509999999999977
0.7423000000000002
0.19399999999999906
1.901600000000002
0.8911000000000016
0.8825000000000038
1.1660000000000004
1.0502000000000002
0.814700000000002
0.31189999999999785
1.216199999999997
0.9030999999999985
0.6829000000000001
1.3481999999999985
1.0044000000000004
0.41169999999999973
0.9321000000000019
1.3480000000000025
1.2133000000000003
0.9460999999999977
0.9012999999999991
1.965200000000003
0.6993000000000009
0.5032999999999994
1.1637999999999984
0.6498999999999988
0.753700000000002
0.8410999999999973
0.5237999999999978
1.469100000000001
0.7785999999999973
0.34140000000000015
0.9062999999999981
0.9710000000000001
0.6196000000000019
0.7593999999999994
0.3769999999999989
0.3680999999999983
0.7641999999999953
1.751999999999999
1.0230999999999995
0.8170000000000002
1.9004000000000012
0.4244999999999983
1.287700000000001
1.0742999999999974
0.7385999999999981
0.8647999999999989
1.6053999999999995
0.6025999999999989
0.974499999999999
1.0562000000000005
0.6826000000000008
1.3131000000000022
1.709299999999999
0.7458000000000027
0.8058999999999976
0.6220999999999997
0.3932000000000002
1.7642999999999986
0.22309999999999874
1.6463
0.8917000000000002
0.5701
0.8915000000000006
0.4629999999999974
0.9171999999999976
0.4878
1.0100000000000016
0.2673999999999985
0.5280999999999985
2.443900000000003
2.8287000000000013
0.43620000000000303
1.1019000000000005
1.2722000000000016
0.7774000000000001
0.6415000000000006
0.7128999999999976
1.643699999999999
0.8641000000000005
1.8611000000000004
0.3880000000000017
1.7898000000000032
1.5100999999999978
1.2464000000000013
0.640900000000002
2.0849999999999973
0.6931000000000012
2.529299999999999
1.9510000000000005
2.1249000000000002
0.5411999999999999
0.9568999999999974
0.8870000000000005
0.5619000000000014
1.7575000000000003
1.2916000000000025
0.4531000000000027
2.1854999999999976
1.0569000000000024
0.6356999999999964
0.3830999999999989
0.5936000000000021
1.7820999999999998
0.9604999999999997
1.124299999999998
0.7421000000000006
0.4667999999999992
0.6533999999999978
0.6953999999999994
0.726700000000001
0.4562999999999988
0.6439000000000021
0.5676000000000023
1.1536000000000008
0.7674000000000021
0.808600000000002
0.9833999999999996
0.9880000000000031
0.8758999999999979
1.0139999999999993
1.1313999999999993
0.6334000000000017
2.4304999999999986
0.5157000000000025
1.5335
-0.1806065233506473
0.5914999999999999
1.408999999999999
0.33389999999999986
2.0824
0.6760999999999981
0.5710000000000015
1.2994999999999983
0.6113999999999997
1.0356999999999985
1.3861000000000026
0.8570999999999991
1.4266000000000005
1.1095000000000006
0.7198999999999991
0.5762999999999998
0.6473999999999975
0.4460999999999977
0.7347000000000001
1.3019999999999996
2.135500000000004
0.7354999999999983
1.5606000000000009
2.3629
1.8857999999999997
0.8565000000000005
2.6777999999999977
0.44530000000000314
0.8528999999999982
0.6734000000000009
0.8208999999999982
1.5693999999999981
0.4318000000000026
0.7419000000000011
0.5585999999999984
1.1780000000000008
0.6149999999999984
0.9283999999999999
1.2524999999999977
1.2774999999999999
0.4485000000000028
2.3613999999999997
1.3263999999999996
0.9230000000000018
0.4585000000000008
0.5995999999999988
0.9039000000000001
0.6992999999999974
0.24269999999999925
1.341000000000001
0.6259000000000015
0.8376000000000019
1.1708000000000034
0.533100000000001
1.005399999999998
1.2547000000000033
0.45179999999999865
0.6678999999999995
2.9283
0.4788000000000032
0.017493476649352857
1.8665999999999983
1.0183
0.5520999999999994
1.4006000000000007
0.9555000000000007
1.2732999999999954
0.3205999999999989
0.6041999999999987
1.1339000000000006
1.324300000000001
1.4979000000000013
0.7522999999999982
0.7901000000000025
1.2707999999999977
0.5686999999999998
2.241900000000001
0.3843999999999994
1.4977000000000018
0.828400000000002
1.5711000000000013
1.9605000000000032
0.35880000000000223
0.7576
0.49229999999999663
0.5663000000000018
1.0534999999999997
0.7149000000000001
1.1035999999999966
0.9563000000000024
2.7363999999999997
2.492600000000003
0.651600000000002
1.3350000000000009
0.47639999999999816
0.6807999999999979
0.4125000000000014
1.062899999999999
0.5676000000000023
1.749299999999998
2.2882
0.7592999999999996
0.6847999999999992
1.1350000000000016
1.7577999999999996
0.6135000000000019
1.0732
1.6560999999999986
0.9299
1.2122000000000028
0.6358999999999995
0.38659999999999783
0.8630999999999993
0.7628000000000021
1.1499999999999986
0.5366
1.5107
1.847100000000001
0.6950000000000003
0.9851422483468006
0.6332999999999984
2.1609000000000016
0.6230000000000011
1.5372000000000021
2.0092
0.8092000000000006
0.8088999999999977
0.6953999999999994
0.4032000000000018
0.6742999999999988
1.164900000000003
0.6991000000000014
1.5138999999999996
0.45919999999999916
3.5025422483468027
0.9809000000000019
0.9116
0.8267999999999986
0.6574999999999989
0.42320000000000135
0.6746999999999979
1.0198999999999998
0.28330000000000055
1.7110999999999983
0.44750000000000156
2.642900000000001
1.0483000000000011
0.966899999999999
0.2638999999999996
0.7317999999999998
0.7182999999999993
0.7311000000000014
0.6524000000000001
1.1294000000000004
1.3159000000000027
0.33389999999999986
0.8097999999999992
1.5222000000000016
0.1664999999999992
1.851300000000002
2.537399999999998
0.9049999999999976
0.9004000000000012
1.2247999999999983
1.8768999999999991
0.9840000000000018
1.2467000000000006
1.1137000000000015
1.7405000000000008
0.8572999999999986
0.6784999999999997
0.6472000000000016
0.625
1.0010000000000012
1.3981999999999992
1.393099999999997
0.6067
0.9945999999999984
0.5298999999999978
0.8216999999999999
0.4518999999999984
0.4826999999999977
1.3138000000000005
0.8767999999999994
0.4125000000000014
2.0163999999999973
0.22409999999999997
1.2197999999999993
0.47059999999999746
0.8063000000000002
1.527000000000001
1.2010000000000005
1.4654000000000025
1.0614999999999988
0.39830000000000254
0.4335000000000022
0.6662000000000035
1.7299000000000007
0.7491999999999983
0.2622
0.36019999999999897
0.7560000000000002
1.221
0.9217999999999975
0.24719999999999942
0.5992999999999995
0.45289999999999964
0.3357000000000028
2.280800000000003
1.0268999999999977
0.6051000000000002
0.6583000000000006
0.5567999999999991
1.1218000000000004
0.7683999999999997
1.033100000000001
0.36599999999999966
0.6008999999999993
0.4612000000000016
0.7180999999999997
0.24129999999999896
0.30829999999999913
0.6021999999999998
0.573599999999999
1.808600000000002
2.1561999999999983
0.8920999999999992
0.8353999999999964
0.654399999999999
1.2741000000000007
1.844899999999999
0.26599999999999824
0.7307000000000023
0.6477000000000004
0.7857000000000021
1.0544000000000011
1.0311999999999983
0.5751999999999988
0.5845999999999982
0.6535000000000011
0.17620000000000147
1.1799
0.8304000000000009
0.8816000000000024
0.7518999999999991
1.4568999999999974
1.0499999999999972
0.8131999999999984
2.3009999999999984
1.6649999999999991
0.6066000000000003
0.3133000000000017
1.0995000000000026
0.6013000000000019
0.7543000000000006
1.0715000000000003
2.341000000000001
0.5345000000000013
1.3249999999999993
0.35829999999999984
0.8118000000000016
0.9662000000000006
0.4464000000000006
0.7265999999999977
1.9419000000000004
0.9174000000000007
0.5522999999999989
2.181799999999999
0.6305000000000014
0.23320000000000007
1.1999999999999993
0.40630000000000166
1.0143999999999984
0.8392000000000017
2.2195
1.7682000000000002
0.625
0.7780999999999985
1.3364000000000011
0.8189999999999991
1.4486000000000026
0.5330000000000013
0.8721999999999994
0.8786999999999985
0.4908000000000001
1.6332999999999984
0.9589999999999996
0.9696999999999996
0.3295999999999992
0.9237000000000002
1.3697000000000017
1.1923999999999992
0.5335999999999999
0.4585000000000008
0.5536999999999992
0.48889999999999745
0.706199999999999
1.0588000000000015
0.4458999999999982
0.4991999999999983
1.6423999999999985
3.284700000000001
0.3061000000000007
1.1874000000000002
0.9196999999999989
0.5096999999999987
0.5592000000000006
1.5035999999999987
0.6740999999999993
1.3079
1.3069000000000024
1.7967999999999975
0.7897999999999996
0.8542000000000023
0.14539999999999864
1.0866000000000007
1.3272000000000013
1.6713999999999984
0.5291999999999994
0.7749000000000024
0.3200000000000003
0.6356999999999999
1.0163999999999973
1.5344000000000015
0.4190999999999967
1.0249999999999986
1.713799999999999
1.716000000000001
0.9184999999999981
0.9298000000000002
0.5231999999999992
0.41839999999999833
0.8795000000000002
0.8547999999999973
0.4947000000000017
1.5221000000000018
0.7882999999999996
0.8556999999999988
1.7715999999999994
1.1972000000000023
1.2506999999999984
0.7917999999999985
1.2003000000000021
0.9157000000000011
1.8486000000000011
1.934700000000003
0.8104000000000013
0.35300000000000153
0.18210000000000193
0.7058999999999997
3.4419000000000004
1.0383999999999993
2.0412999999999997
0.5044000000000004
0.3033999999999999
1.4964999999999975
0.9623999999999988
0.4985999999999997
1.2169999999999987
0.7254000000000005
2.3122000000000007
1.0299000000000014
1.0039999999999978
0.846700000000002
0.27749999999999986
0.2524000000000015
0.6972999999999985
0.8908999999999985
1.308200000000003
1.3861999999999988
0.33389999999999986
0.6370000000000005
0.8047000000000004
1.053799999999999
1.8877999999999986
1.2239000000000004
0.7407000000000004
0.6519000000000013
0.375
1.0318000000000005
0.47290000000000276
0.8542999999999985
1.6453000000000024
1.2940000000000005
0.7227999999999994
0.8588000000000022
2.281799999999997
1.0276000000000032
0.773299999999999
0.7798999999999978
0.9333000000000027
0.6001999999999974
1.1194999999999986
0.7996000000000016
0.37420000000000186
0.7929999999999993
2.9479000000000006
1.1333999999999982
0.5977999999999994
1.488900000000001
0.581900000000001
0.5300000000000011
0.7729999999999997
2.0154999999999994
0.4086999999999996
1.3886000000000003
1.1006
0.5619999999999976
0.8475000000000001
0.5136000000000003
1.0683000000000007
0.6510999999999996
1.3826
2.106200000000001
1.0069000000000017
1.2452999999999967
1.1425000000000018
0.6506000000000007
2.136800000000001
1.8850000000000016
0.8581000000000003
0.47169999999999845
0.6975000000000016
2.5135000000000005
0.855599999999999
0.8073999999999977
0.9121000000000024
1.123000000000001
0.8389999999999986
0.5921999999999983
0.7037000000000013
0.5030000000000001
1.9214999999999982
0.9720000000000013
2.020100000000003
1.1239999999999988
1.0061999999999998
0.45170000000000243
1.2925000000000004
0.7571000000000012
0.48680000000000234
0.898299999999999
0.9968000000000004
1.6540999999999997
1.614099999999997
0.7551000000000023
0.8425000000000011
1.017599999999998
0.5863000000000014
3.3922000000000025
1.5716
0.6536999999999971
1.5986000000000011
0.9299
1.2655999999999992
1.2993999999999986
0.6402000000000001
0.5340999999999951
0.6525999999999996
0.7748999999999953
2.6812000000000005
0.9775999999999989
0.3001000000000005
0.20230000000000103
2.199099999999998
0.5313000000000017
0.7744999999999962
1.609099999999998
1.0459999999999994
0.9995000000000012
0.429199999999998
0.23430000000000106
0.5566999999999993
0.6944999999999979
1.2589000000000006
1.0757000000000012
1.8844999999999992
0.8891999999999989
1.3233999999999995
0.8009000000000022
1.6874000000000002
0.4814000000000007
1.9202000000000012
0.5465000000000018
2.0188999999999986
0.8869000000000007
0.9843000000000011
0.48570000000000135
2.2482000000000006
0.4101999999999961
1.0534999999999997
0.8699000000000012
0.6408999999999985
0.6888999999999967
1.079699999999999
0.5249999999999986
0.6343999999999994
0.465799999999998
1.024799999999999
0.6161999999999992
0.8406999999999982
1.8907000000000025
0.3262999999999998
1.1660000000000004
1.2753999999999976
0.5982999999999983
0.4455999999999989
0.4653999999999989
0.3092000000000006
0.5369000000000028
0.5396000000000001
0.4873999999999974
1.478200000000001
0.22139999999999915
0.4101999999999997
2.686200000000003
0.8792999999999971
0.8821000000000012
0.13920000000000243
1.1942999999999984
0.7324999999999982
1.1613000000000007
0.7590000000000003
0.5538000000000025
0.7338999999999984
0.8874999999999993
0.23150000000000048
0.646600000000003
0.7159000000000013
0.49250000000000327
0.3866999999999976
1.6524
2.000399999999999
0.653100000000002
1.5020999999999987
0.452499999999997
1.0702999999999996
0.49849999999999994
0.9299
1.7353999999999985
2.3810000000000002
1.941200000000002
1.0797999999999988
0.7469999999999999
0.47990000000000066
0.8552999999999997
1.0175000000000018
2.135200000000001
1.067899999999998
1.7528000000000006
1.667300000000001
3.0497000000000014
2.0523000000000025
0.2768000000000015
0.564700000000002
1.299599999999998
0.697499999999998
0.6632999999999996
0.33619999999999806
0.4099000000000004
0.9649000000000001
0.6332999999999984
1.3669000000000011
1.448599999999999
0.6594000000000015
0.5992999999999995
2.0583000000000027
0.7902000000000022
2.2460999999999984
2.3909999999999982
2.1325000000000003
1.3084000000000024
1.9435000000000002
2.4643999999999977
0.9712999999999994
2.3521
0.8920999999999992
2.2703999999999986
2.400299999999998
2.7455999999999996
2.1873000000000005
2.8002000000000002
1.9125000000000014
1.1964223673557977
2.1305000000000014
2.6175999999999995
2.3900000000000006
0.7300000000000004
0.8010999999999981
2.3734
2.821900000000003
3.2201999999999984
1.874299999999998
0.9598000000000013
2.131599999999999
1.890500000000003
2.314799999999998
0.8537999999999997
0.8102000000000018
2.213799999999999
1.9754000000000005
3.0945
2.6309000000000005
2.562999999999999
2.248199999999997
2.6388999999999996
2.4954
1.4037000000000006
2.5334000000000003
3.444099999999999
2.0776000000000003
0.9464000000000006
2.164200000000001
1.674599999999998
2.2552999999999983
2.3702000000000005
0.7759
1.470600000000001
2.5157000000000025
2.3598
2.154299999999999
1.8942999999999977
1.3464000000000027
2.372399999999999
3.1523000000000003
2.8470000000000013
2.1351999999999975
0.809199999999997
0.6337999999999973
0.9977000000000018
0.8760999999999974
0.7363999999999997
1.370000000000001
1.4799000000000007
0.7030999999999992
2.6052999999999997
2.6647
2.672500000000003
2.5020999999999987
2.528100000000002
2.4314999999999998
2.1769
2.4619999999999997
2.3690999999999995
2.3385
1.1747000000000014
2.0953000000000017
2.168800000000001
0.7472999999999992
2.5618000000000016
2.4979000000000013
2.0333000000000006
2.290800000000001
2.305900000000001
2.871100000000002
0.807699999999997
1.3095999999999997
0.7440999999999995
2.0330999999999975
0.6155000000000008
1.1964223673557977
2.2026000000000003
1.9458999999999982
2.143699999999999
1.9268999999999998
2.1926999999999985
0.7077999999999989
2.262800000000002
-0.2074065233506488
2.764000000000003
2.1644000000000005
2.1416000000000004
2.2384999999999984
1.904
0.6920999999999999
1.8648999999999987
0.6682999999999986
2.6092000000000013
0.6761999999999979
2.0646999999999984
0.6897999999999982
2.1567000000000007
1.0610999999999997
1.9286999999999992
2.194600000000001
0.6905000000000037
0.9536000000000016
2.2388000000000012
1.8869000000000007
2.284299999999998
2.2622
2.0939999999999976
-0.5509065233506476
1.9876000000000005
0.6949000000000005
-0.4239065233506487
2.0021999999999984
2.128
0.733900000000002
0.950800000000001
1.6952999999999996
0.7413999999999987
2.273099999999996
2.4792999999999985
1.4426999999999985
0.930299999999999
0.7696000000000005
0.8017000000000003
0.9905000000000008
1.5078999999999994
1.9107999999999983
2.2989999999999995
2.2692000000000014
2.3308999999999997
0.8258999999999972
0.8674999999999997
2.5799999999999983
2.2440999999999995
1.2363999999999997
2.2378
2.4726999999999997
2.2174000000000014
1.9198000000000022
1.5990000000000002
2.690200000000001
1.1889357249961527
1.4761999999999986
0.6480999999999995
0.6575999999999986
2.6141000000000005
2.986900000000002
1.4845000000000006
0.7576999999999998
0.9238
1.5703999999999994
0.6968999999999994
1.0481999999999978
1.3070999999999984
1.9787999999999997
1.3668999999999976
1.7631000000000014
2.078800000000001
2.3231
0.7898999999999994
2.145199999999999
2.3735999999999997
0.6471000000000018
1.5999000000000017
1.8257000000000012
2.2180999999999997
2.1151000000000018
1.8441999999999972
2.1068
2.201999999999998
2.374299999999998
2.3552999999999997
0.6585999999999999
0.709699999999998
2.6647999999999996
0.6941000000000024
2.6715000000000018
3.1952999999999996
2.2634000000000007
2.3629
2.3870000000000005
0.7880000000000003
3.2215999999999987
0.8526999999999987
2.299800000000001
2.249600000000001
2.1341
2.3649999999999984
2.488599999999998
2.040300000000002
2.0112000000000023
2.204900000000002
1.1964223673557977
1.772199999999998
1.8653000000000013
2.4163999999999994
2.3066999999999993
1.8680999999999983
1.1964223673557977
2.1935000000000002
1.119299999999999
2.3828999999999994
-0.748906523350648
2.851800000000001
1.7872999999999983
2.0015
1.1964223673557977
0.7464000000000013
2.4451
1.0274
2.5493000000000023
0.7774000000000001
1.8998999999999988
1.3803000000000019
2.501899999999999
0.6436000000000028
2.414200000000001
1.2515999999999998
2.8214000000000006
2.1788000000000025
1.799199999999999
2.776
2.7333999999999996
1.9926999999999992
2.3658
2.6285999999999987
1.9160000000000004
1.0100000000000016
1.8191999999999986
2.493000000000002
0.7224000000000004
2.2887999999999984
2.106300000000001
1.3556000000000026
2.1941999999999986
0.978900000000003
2.6311999999999998
2.5973000000000006
2.2550999999999988
0.7751000000000019
2.3216
0.6580999999999975
2.6753
1.4749000000000017
0.6368000000000009
0.9478000000000009
1.278100000000002
0.8147999999999982
0.4820999999999991
1.8048000000000002
1.1815999999999995
2.230699999999999
0.4280000000000008
0.8878000000000021
1.9101999999999997
1.7788000000000004
0.8155999999999999
1.0894999999999975
0.4599999999999973
1.0670000000000002
0.9052000000000007
0.9208999999999996
1.2140999999999984
1.8599999999999994
1.5233999999999988
3.0263000000000027
0.7885999999999989
0.48799999999999955
0.660499999999999
2.4514999999999993
0.6596000000000011
0.8079999999999998
0.761099999999999
1.039200000000001
0.1407000000000025
0.7730999999999995
0.6491999999999969
0.8457000000000008
0.7369999999999983
0.45830000000000126
1.3477999999999994
1.4442000000000021
0.43549999999999756
0.972999999999999
0.8084999999999987
1.7405000000000008
0.22339999999999804
0.6555999999999997
0.769400000000001
0.3807000000000009
0.7732000000000028
0.8428000000000004
2.0390999999999977
0.34739347664935494
1.8207000000000022
0.3371999999999993
0.8147999999999982
1.7487999999999992
1.0266999999999982
0.532700000000002
2.196300000000001
0.9116
0.39250000000000185
0.9560999999999993
0.7117000000000004
0.36790000000000234
0.40660000000000096
0.29369999999999763
2.210000000000001
1.4956999999999994
0.7460000000000022
0.9223999999999997
1.022599999999997
1.0661999999999985
0.38959999999999795
0.827300000000001
0.9335000000000022
0.458599999999997
0.49960000000000093
0.8969999999999985
0.5172422483468004
0.3829999999999991
0.3144000000000027
1.4072999999999993
1.4441999999999986
0.825999999999997
0.48939999999999984
1.0021999999999984
0.8869000000000007
0.5524999999999984
0.7535999999999987
1.6424999999999983
1.6635000000000026
0.5083999999999982
0.9682999999999993
2.7078999999999986
0.6932000000000009
0.4852000000000025
1.1501999999999981
1.2452000000000005
1.2632000000000012
0.3617000000000026
0.7728000000000002
1.4624000000000024
0.9413000000000018
0.5677999999999983
0.763300000000001
0.8972000000000016
1.6189
1.0189999999999984
0.6816000000000031
0.7914999999999992
0.29879999999999995
0.6369000000000007
0.8570999999999991
1.1821999999999981
1.4708000000000006
0.47339999999999804
1.4769000000000005
1.0976000000000035
1.8458000000000006
1.8097999999999992
1.316600000000001
0.8684000000000012
0.7175000000000011
0.8754000000000026
0.18689999999999785
1.2536000000000023
1.0014000000000003
1.3584999999999994
2.5035000000000025
1.1715000000000018
0.19790000000000063
0.5240000000000009
0.8182000000000009
0.32809999999999917
0.28829999999999956
2.0146000000000015
2.9566000000000017
2.5920999999999985
0.7669999999999995
2.1264000000000003
0.45610000000000284
1.1846999999999994
2.127600000000001
0.6598000000000006
3.5016
1.4741999999999997
3.3057000000000016
2.9337000000000018
0.684899999999999
0.002193476649352988
2.1175999999999995
2.099599999999999
2.9351999999999983
0.6457999999999977
1.253499999999999
-0.8346065233506472
2.722200000000001
2.3469999999999978
2.341100000000001
1.1326
1.691200000000002
2.9726
1.4616000000000007
3.3767999999999994
2.314700000000002
1.879799999999996
2.703900000000001
1.4132999999999996
0.6469999999999985
2.212299999999999
0.6876999999999995
0.6264000000000003
2.480699999999999
2.0298000000000016
2.1820999999999984
0.8819999999999979
2.196900000000003
2.038599999999999
