0.7221000000000011
0.6067999999999998
0.4200000000000017
1.4436
0.7896999999999998
1.5380000000000003
0.6169999999999973
0.6903000000000006
0.5027000000000008
0.4978000000000016
1.2364999999999995
1.1085999999999991
0.41880000000000095
0.5278999999999954
0.2691999999999979
0.6414000000000009
0.6733000000000011
0.7221999999999973
0.7995999999999981
1.2466000000000008
0.8519000000000005
0.5570000000000022
0.7994999999999983
0.8539999999999992
1.4207
0.9612000000000016
0.8456999999999972
0.5446000000000026
0.5731000000000002
0.43599999999999994
0.34869999999999735
0.3421999999999983
0.8369
0.5251000000000019
0.6406000000000027
0.503700000000002
1.5431999999999988
0.674199999999999
1.1468999999999987
1.5954999999999977
0.9172999999999973
0.2721000000000018
2.0226000000000006
0.7687999999999988
0.565999999999999
0.6995000000000005
0.6149000000000022
1.5744000000000007
1.5176000000000016
1.0396
0.789200000000001
0.9013000000000027
0.2579999999999991
0.7069000000000045
0.5924000000000014
0.9788999999999994
1.5082999999999984
1.2157000000000018
1.4953000000000003
1.6215999999999973
0.7561000000000035
0.5567999999999991
0.8330999999999982
1.7062999999999988
0.5471000000000004
1.035700000000002
1.7401000000000018
1.4319999999999986
0.9268000000000001
1.4695999999999998
0.9166999999999987
1.6259999999999977
0.6620999999999988
1.408999999999999
0.6251999999999995
0.6380000000000017
0.40619999999999834
0.6206999999999994
0.5734999999999992
1.4747999999999983
1.286200000000001
0.6753
0.4629999999999974
0.8349000000000011
0.7153999999999989
0.4710000000000001
0.3553999999999995
0.8636999999999979
0.5744000000000007
1.689700000000002
0.7114000000000011
1.2772000000000006
0.4995999999999974
0.8931000000000004
0.7703999999999986
1.2477000000000018
0.8291000000000004
1.2850000000000001
0.8953999999999986
0.5288000000000004
0.4964000000000013
0.3777000000000008
0.4393999999999991
0.7964999999999982
0.48430000000000106
0.5783999999999985
0.45830000000000126
0.758700000000001
0.36939999999999884
1.1204
-0.3308
1.0704999999999991
0.7688999999999986
1.1700000000000017
1.2228999999999992
0.5471000000000004
1.2517999999999994
1.154199999999996
0.2018000000000022
0.4498999999999995
1.1202000000000005
1.0340999999999987
0.10360000000000014
0.5417999999999985
1.1463
-0.2835000000000001
1.1364000000000019
1.0152
0.17249999999999943
0.2957999999999963
0.4214999999999982
1.1799999999999997
0.9914000000000023
0.5736999999999988
0.4190000000000005
1.0141999999999989
1.3263999999999996
1.1677
1.0359999999999978
0.24320000000000164
0.6928999999999981
1.1768999999999998
0.3208999999999982
0.2085000000000008
0.19209999999999994
0.17050000000000054
1.4056000000000033
1.2068000000000012
1.2669000000000032
1.1295000000000002
1.1137999999999977
0.18230000000000146
1.3237999999999985
1.0717999999999996
0.8720999999999997
0.48840000000000217
0.6104999999999983
0.702099999999998
0.5030999999999999
0.6749999999999972
0.7406999999999968
1.4462999999999973
0.9669999999999987
0.6871000000000009
0.7815000000000012
0.37460000000000093
0.4944000000000024
0.575999999999997
0.5431000000000026
1.0641999999999996
0.7103000000000002
0.29010000000000247
0.7730999999999959
0.6540999999999997
0.8120999999999974
2.0321
1.2225000000000001
1.5919000000000025
0.5207000000000015
0.7960000000000029
0.8628999999999998
1.3744000000000014
0.8709000000000024
0.7056000000000004
1.4207999999999998
0.6385000000000005
0.7874000000000017
0.45860000000000056
0.7368000000000023
0.797699999999999
0.6941999999999986
0.4012999999999991
0.5887999999999991
1.334299999999999
0.5242000000000004
0.8925999999999981
1.243000000000002
0.7198999999999991
0.7256999999999962
0.7160000000000011
0.7000999999999991
1.788800000000002
1.7368000000000023
0.894599999999997
0.6816999999999993
1.0838999999999999
1.3984000000000023
0.6070000000000029
0.6167000000000016
1.5076
1.4320999999999984
0.9615999999999971
0.16829999999999856
1.2073999999999998
1.5564999999999998
0.6280999999999999
0.7337999999999987
0.4878999999999998
0.9837000000000025
0.5762999999999998
0.8134000000000015
0.8735000000000035
1.2066000000000017
1.0936000000000021
0.24680000000000035
1.5899
0.9687999999999981
1.2759999999999998
0.8769999999999989
0.7990999999999993
0.9640999999999984
0.382200000000001
1.3226000000000013
0.3694999999999986
1.0076
0.871500000000001
0.4878999999999998
1.4137999999999984
0.7540000000000013
0.9113999999999969
0.4761999999999986
0.5478999999999985
0.5975999999999999
0.6490000000000009
0.7926000000000002
0.5427
0.6146999999999991
0.9027999999999992
0.41029999999999944
0.3826999999999998
0.5474999999999994
1.2925000000000004
1.325599999999998
0.5735000000000028
0.7159000000000013
1.8354999999999961
0.9375999999999998
0.7563999999999993
0.9576000000000029
0.9096000000000011
0.7581999999999987
0.4690000000000012
1.0478000000000023
0.803099999999997
0.5793999999999997
0.4880999999999993
0.35320000000000107
0.7672999999999988
0.9438999999999957
0.7397999999999989
0.30160000000000053
0.4333999999999989
0.7076000000000029
1.0084000000000017
0.9417000000000009
0.41130000000000067
1.2990999999999993
0.670300000000001
1.221
0.8149000000000015
0.6584000000000003
0.7905000000000015
1.0975000000000001
1.3963999999999999
1.0851000000000006
0.6280000000000001
0.9686999999999983
1.0745000000000005
1.1483999999999988
0.9157999999999973
0.720600000000001
0.8080999999999996
0.5370999999999988
1.2988
0.4085000000000001
1.5776000000000003
0.32779999999999987
0.7272999999999996
0.7116999999999969
0.4867000000000026
0.4084000000000003
0.6132999999999988
0.7718999999999987
0.4542999999999999
0.5488999999999997
1.526299999999999
1.568399999999997
0.6448
1.1655999999999977
1.2530000000000001
0.7453000000000003
0.9746999999999986
0.6489000000000011
1.1007999999999996
0.6458000000000013
1.4863999999999997
0.6640999999999977
1.1594999999999978
1.6623000000000019
1.7866
0.7128999999999976
1.512900000000002
0.9700999999999986
1.5386000000000024
1.6259000000000015
1.2464000000000013
0.37549999999999883
0.6821000000000019
0.721899999999998
1.558399999999999
1.2318999999999996
1.660299999999996
0.5942999999999969
1.4748000000000019
0.6677999999999997
0.8359000000000023
0.6857000000000006
0.7002999999999986
1.1194999999999986
0.6188000000000002
0.6682000000000023
0.7265999999999977
0.6480999999999995
0.7653999999999996
0.6150999999999982
0.8640000000000008
0.47419999999999973
0.4583999999999975
0.9568999999999974
0.5374000000000017
0.6039999999999992
0.9551999999999978
1.0756000000000014
1.1651999999999951
0.7615000000000016
0.41020000000000323
0.41839999999999833
0.9772999999999996
1.4694000000000003
0.6092999999999975
1.3746999999999971
1.525500000000001
0.8606999999999978
1.3293
0.35249999999999915
1.569499999999998
0.36010000000000275
0.8315999999999981
1.1808000000000014
0.5015000000000001
0.8125999999999998
1.0050999999999988
0.9884999999999984
1.7048999999999985
0.4971999999999994
0.6550000000000011
0.7214999999999989
0.7619000000000007
0.6463000000000001
0.9454000000000029
1.1016000000000012
1.1818999999999988
0.49210000000000065
1.2517999999999994
1.0259
1.4436
0.9421999999999997
1.522400000000001
0.7510999999999974
1.2103000000000002
0.2195999999999998
0.5178000000000011
1.2872000000000021
0.5516999999999967
1.1504999999999974
0.6351000000000013
1.2546999999999997
0.8445
0.5179999999999971
0.626100000000001
1.6316999999999986
0.7689999999999984
1.3950999999999993
1.4615999999999971
0.9525999999999968
0.810299999999998
0.6801999999999992
0.7772000000000006
0.5743000000000009
0.3844999999999992
1.3078000000000003
0.7805999999999997
0.7145999999999972
0.4986999999999995
0.5858999999999988
0.3807000000000009
0.9599999999999973
0.680299999999999
0.6951
1.558399999999999
0.6488999999999976
1.624600000000001
1.2347000000000001
0.883300000000002
0.7030999999999992
2.1468999999999987
0.31980000000000075
1.1890000000000036
0.23840000000000217
0.8331000000000017
1.037700000000001
1.2515
1.5686999999999998
0.5572000000000017
0.6005000000000003
0.7053000000000011
0.7201999999999984
1.4543999999999997
0.36010000000000275
1.0676999999999985
0.6307000000000009
1.2819000000000003
1.5275999999999996
0.7257999999999996
0.8917999999999999
0.760900000000003
0.8471999999999973
1.1323000000000008
0.5342999999999982
1.0531000000000006
0.7474999999999987
1.4543
1.4807999999999986
0.8538999999999994
1.219899999999999
0.9997000000000007
0.7884000000000029
0.498899999999999
1.4629000000000012
1.0713504768892115
1.0831000000000017
1.4542000000000002
0.6212000000000018
0.7165999999999997
0.9090999999999987
1.3887999999999998
0.6640999999999977
0.9171000000000014
1.2467000000000006
0.3348000000000013
1.1738
0.4698999999999991
0.5142000000000024
0.6389999999999993
0.8634999999999984
0.6845999999999997
0.759999999999998
1.3549000000000042
1.5198999999999998
0.844100000000001
0.08515775165319894
0.7178000000000004
1.5060000000000002
0.8253999999999984
1.322499999999998
1.3840000000000003
1.1441999999999979
0.7909000000000006
0.7414000000000023
0.38679999999999737
0.5310000000000024
0.9688999999999979
0.8754999999999988
0.7785000000000011
0.5281999999999982
0.14395775165320046
0.4194999999999993
0.8007999999999988
0.5561000000000007
0.7746999999999993
0.7453000000000003
0.8991000000000007
1.0321999999999996
0.5739000000000019
1.4206000000000003
0.7451000000000008
1.436600000000002
0.6415000000000006
1.0821000000000005
0.34410000000000096
0.4836999999999989
0.9055
0.45309999999999917
0.9634999999999998
1.3227999999999973
0.9495000000000005
0.5058000000000007
1.8874999999999993
1.3482999999999983
0.28389999999999915
1.227599999999999
1.2805999999999997
0.6933000000000007
1.0792000000000002
1.2759
1.2060999999999993
0.3160999999999987
1.3349999999999973
1.2152999999999992
1.559899999999999
0.5558000000000014
0.5030999999999999
0.657
0.7708000000000013
1.1742999999999988
1.074300000000001
1.1935000000000002
0.6414000000000009
0.8399999999999999
0.679000000000002
0.7395999999999958
0.4723000000000006
0.6163000000000025
1.1128999999999998
0.45730000000000004
0.7239999999999966
1.3846000000000025
0.28300000000000125
1.5500000000000007
0.6142000000000003
0.8373999999999988
1.3965999999999994
1.2165
1.8962000000000003
0.7235000000000014
0.6853999999999978
0.7410999999999994
0.6864999999999988
1.2273999999999994
0.7086000000000006
0.5644999999999989
0.571200000000001
0.8814999999999991
1.0843000000000025
0.6894000000000027
0.4333000000000027
0.5899000000000001
0.6145999999999994
0.6504999999999974
1.3401999999999958
1.2483000000000004
0.5126999999999988
0.7690000000000019
0.5797000000000025
0.5381
0.6631
1.0261999999999993
0.3396000000000008
0.7189000000000014
0.9468999999999994
0.3857999999999997
0.3011000000000017
0.28500000000000014
0.7251999999999974
0.8652000000000015
1.3420999999999985
1.5600000000000023
0.6402999999999999
0.9648000000000039
0.9707000000000008
0.6804999999999986
1.4380999999999986
0.4812000000000012
0.3703000000000003
0.5129000000000019
1.5888999999999989
0.46030000000000015
1.4808000000000021
0.6194000000000024
0.7933000000000021
0.4653000000000027
0.10099999999999909
0.6325999999999965
1.047900000000002
0.4414999999999978
0.8493999999999993
1.4588999999999999
1.0946999999999996
0.2950000000000017
1.6047000000000011
1.060500000000001
0.8544000000000018
0.371100000000002
0.6181999999999981
0.7155999999999985
1.0951000000000022
0.3775000000000013
1.4929999999999986
0.4778999999999982
1.2561999999999998
0.6799
0.5982999999999983
0.8089999999999975
0.736699999999999
0.6668000000000021
1.3383000000000003
1.7927999999999997
0.5305999999999997
1.4707000000000008
0.6209999999999987
0.3879000000000019
0.4664999999999999
0.6526000000000032
0.3291000000000004
0.35389999999999944
1.5030999999999999
1.401299999999999
0.8575999999999979
0.7281000000000013
1.0085999999999977
1.0447000000000024
0.8643999999999998
0.44200000000000017
1.068800000000003
1.0606000000000044
0.7132000000000005
0.9981000000000009
0.4002999999999979
0.3595000000000006
0.5347000000000008
1.1829999999999998
0.7088000000000001
0.9535000000000018
0.8038999999999987
0.6433999999999997
0.607800000000001
0.4140000000000015
0.16399999999999793
0.8644999999999996
0.7112000000000016
0.7269000000000005
1.3597000000000001
1.5129999999999981
0.33509999999999707
1.1525999999999996
0.5348000000000006
0.6910000000000025
0.844100000000001
0.8926000000000016
0.2934000000000019
1.509999999999998
0.8491999999999997
1.3399
0.44890000000000185
0.9227999999999987
0.41600000000000037
0.9100999999999999
0.8213000000000008
0.8800000000000026
0.7062000000000026
0.8018000000000001
0.44340000000000046
0.6816000000000031
0.3728000000000016
1.4848
0.6791000000000018
0.8606999999999978
1.5864000000000011
1.3732000000000006
0.565100000000001
1.0207999999999977
0.8094000000000001
0.5272000000000006
1.102800000000002
1.1465999999999994
0.6512999999999991
1.2510000000000012
0.7146000000000008
0.5792000000000002
1.4655999999999985
0.6103999999999985
0.4724000000000004
0.6164000000000023
1.3252999999999986
1.018699999999999
1.7408000000000001
1.8245000000000005
0.6104999999999983
0.37769999999999726
0.41629999999999967
1.0409000000000006
1.6426999999999978
0.6382000000000012
1.389800000000001
0.8163000000000018
0.8500000000000014
1.5171000000000028
0.6018000000000008
0.6647999999999996
0.7292000000000023
0.6498000000000026
1.5296999999999983
0.388300000000001
0.4546000000000028
0.7906999999999975
0.4251000000000005
0.5643999999999991
1.6767000000000003
1.0680000000000014
1.9000999999999983
0.8092000000000041
0.5027000000000008
0.6317000000000021
0.7164999999999999
0.4444999999999979
1.4817
0.6441000000000017
1.0292999999999992
0.5424000000000007
0.6190999999999995
1.1616999999999997
0.5413999999999994
0.19470000000000098
1.5656999999999996
1.4620999999999995
1.0043000000000006
0.4156999999999975
1.566200000000002
1.0979999999999954
0.9440999999999988
0.5846000000000018
0.5386999999999986
0.5504999999999995
1.2792999999999992
0.6169999999999973
0.8338999999999999
0.7580999999999989
1.4161000000000001
0.422500000000003
0.5809999999999995
1.0677999999999983
0.9389000000000003
0.7964999999999982
0.6692999999999998
1.4871000000000016
0.5565000000000033
1.8028000000000013
0.8403999999999989
0.28640000000000043
0.8022999999999989
0.6494
1.0959000000000003
0.736699999999999
1.1854000000000013
1.6237999999999992
0.5280999999999985
1.389800000000001
0.8923999999999985
0.5420999999999978
1.5065999999999953
1.4516999999999989
0.5335000000000001
0.7610000000000028
0.571399999999997
1.7555000000000014
1.0298000000000052
0.5923000000000016
0.8257999999999974
0.8630999999999993
0.43730000000000047
0.6124000000000009
0.9806999999999988
0.7656999999999989
2.032499999999999
1.0183999999999997
1.4254999999999995
0.6164000000000023
0.5102000000000011
0.4726999999999997
0.9068000000000005
1.1988999999999983
0.5561999999999969
1.1143999999999998
0.5865000000000009
1.0424999999999969
1.1110000000000007
0.3219999999999992
1.9914999999999985
1.1303000000000019
0.5440000000000005
1.5854
0.9698000000000029
0.3644000000000034
0.852800000000002
0.926400000000001
1.2969000000000008
1.3843999999999994
0.8719000000000001
0.6130000000000031
0.7789999999999999
1.0512000000000015
1.5610999999999997
1.094299999999997
0.5568999999999988
0.6555
1.9497
0.6887000000000008
0.6473000000000049
1.4867000000000026
1.1692
0.40589999999999904
0.6855000000000011
0.5337999999999994
0.8695999999999984
0.6448999999999998
1.5624000000000038
0.47020000000000195
1.534600000000001
0.5214999999999996
1.3641000000000005
0.38780000000000214
1.6035000000000004
0.5923999999999978
1.457699999999999
0.509999999999998
1.4831000000000003
0.7246000000000024
1.1143
0.5797999999999988
1.4497
0.5793999999999997
0.8069000000000024
0.40419999999999945
0.9041999999999994
0.5496000000000016
0.6361000000000026
0.5310999999999986
0.5553999999999988
0.6808000000000014
1.4015999999999984
0.8200000000000003
0.42130000000000223
1.2123999999999988
0.6260999999999974
0.6899000000000015
0.584100000000003
0.8681000000000019
0.4562000000000026
0.6810000000000009
0.9112999999999971
0.9822999999999986
0.5937000000000019
0.7439999999999998
1.473700000000001
0.17099999999999937
0.5137999999999998
1.4745999999999988
1.0067000000000021
0.9961999999999982
0.44790000000000063
1.3577000000000012
1.3043000000000013
0.8524999999999991
0.44040000000000035
0.5351999999999997
0.9223999999999997
0.7103000000000002
0.5175000000000018
1.2739999999999974
0.6996000000000038
0.5538999999999987
0.5218000000000025
1.4449999999999967
1.5272000000000006
0.40559999999999974
1.0275999999999996
0.6849000000000025
0.9963000000000015
0.7950999999999979
0.8585999999999991
1.1894000000000027
1.6557999999999993
1.3065999999999995
0.5751000000000026
0.7299000000000007
0.4427000000000021
0.6066000000000003
1.2064999999999984
1.4042999999999992
0.8114000000000026
1.1235
1.1115999999999993
1.3976000000000006
1.551199999999998
0.30219999999999914
0.8925999999999981
0.8852000000000011
0.07540000000000191
0.4933000000000014
0.43120000000000047
0.6622999999999983
0.8075999999999972
0.35770000000000124
0.8109999999999999
1.3904999999999994
0.8409999999999975
0.7711000000000006
1.089299999999998
0.20629999999999882
1.1692999999999998
1.2238000000000007
1.1719000000000008
0.7700999999999958
1.0119000000000007
1.170300000000001
0.3605000000000018
1.1923999999999992
0.2734999999999985
1.164200000000001
1.0907000000000018
1.183600000000002
1.0005999999999986
1.1721000000000004
1.2227999999999994
1.6077999999999975
1.2455999999999996
1.1083999999999996
1.3208999999999982
0.21629999999999683
0.21369999999999933
1.2277999999999984
1.1885999999999974
1.2881
1.0411000000000001
0.3979999999999997
1.120000000000001
1.162899999999997
1.2039000000000009
0.3318999999999974
0.29820000000000135
1.0729000000000006
0.9695999999999998
1.2833000000000006
1.1610999999999976
1.2121999999999993
1.162700000000001
1.3815999999999988
1.2088
0.5852000000000004
1.0991
1.3614999999999995
1.2053000000000011
0.4150999999999989
1.0982999999999983
0.9742999999999995
1.2315000000000005
1.2376000000000005
0.21780000000000044
0.5892999999999979
1.1835999999999984
1.2013999999999996
1.1785000000000032
1.1330000000000027
1.1087999999999987
1.271799999999999
1.3694000000000024
1.2829000000000015
1.0701
0.2591999999999999
0.17430000000000234
0.38189999999999813
0.39480000000000004
0.2842999999999982
0.6217000000000006
0.8394000000000013
0.24510000000000076
1.2273999999999994
1.1945999999999977
1.309899999999999
1.2453000000000003
1.2257999999999996
1.204699999999999
1.1605000000000025
1.1997
1.2174000000000014
1.231300000000001
0.543099999999999
0.9809999999999981
1.1076999999999977
0.21219999999999928
1.325099999999999
1.2066000000000017
1.1754999999999995
1.161200000000001
1.2053000000000011
1.2566999999999986
0.35800000000000054
1.082600000000003
0.2259999999999991
0.900500000000001
0.17469999999999786
1.6209000000000024
1.057500000000001
1.0542000000000016
1.3603000000000023
1.1853000000000016
1.157399999999999
0.2676000000000016
1.2591999999999999
2.2885504768892133
1.3571999999999989
1.1153000000000013
1.160899999999998
1.0954000000000015
1.1416000000000004
0.19040000000000035
1.1976000000000013
0.18939999999999912
1.3717000000000006
0.1968999999999994
1.1899000000000015
0.25970000000000226
1.2109999999999985
0.4664999999999999
0.8058000000000014
1.1830999999999996
0.19459999999999766
0.8038999999999987
1.2038999999999973
1.1067999999999998
1.311
1.2271999999999998
1.087600000000002
1.2738000000000014
1.1187999999999967
0.15729999999999933
1.2826000000000022
1.136800000000001
1.097100000000001
0.30909999999999727
0.41259999999999764
1.0691000000000024
0.20659999999999812
1.189300000000003
1.2773000000000003
0.5577000000000005
0.3579000000000008
0.2515999999999998
0.33500000000000085
0.4015999999999984
0.9440000000000026
1.314
1.2686000000000028
1.185299999999998
1.2521000000000022
0.248899999999999
0.2514000000000003
1.4113000000000007
1.1738999999999997
0.49709999999999965
1.1449999999999996
1.279
1.133700000000001
0.8613
1.210799999999999
1.1369000000000007
-0.5920422483468002
0.9449000000000005
0.17600000000000193
0.20830000000000126
1.273500000000002
1.1246999999999971
0.6052999999999997
0.3589999999999982
0.34499999999999886
0.6786999999999992
0.21410000000000196
0.44450000000000145
0.4944999999999986
1.2993000000000023
0.5484000000000009
1.1927999999999983
1.0165000000000006
1.4303999999999988
0.27699999999999747
1.1587999999999994
1.2239000000000004
0.23079999999999856
0.7870999999999988
1.0961999999999996
1.0990000000000002
1.1868999999999978
1.2259000000000029
1.1869000000000014
1.219899999999999
1.212600000000002
1.3492999999999995
0.11169999999999902
0.24540000000000006
1.2463000000000015
0.23389999999999844
1.198599999999999
1.2132000000000005
1.227999999999998
1.225200000000001
1.269400000000001
0.26370000000000005
1.2535000000000025
0.8518000000000008
1.0138999999999996
1.2300000000000004
1.126100000000001
1.2527000000000008
1.1995000000000005
1.1447000000000003
1.3314999999999984
1.2174999999999976
1.471
1.1678999999999995
0.8521000000000001
1.2428999999999988
1.203199999999999
1.1784
1.3356999999999992
1.1827000000000005
0.4896000000000029
1.2937000000000012
1.3704999999999998
1.330400000000001
1.1661000000000001
1.1999999999999993
1.3222000000000023
0.2342000000000013
1.320800000000002
0.48999999999999844
1.2646999999999977
0.28229999999999933
1.134599999999999
0.5372999999999983
1.2143000000000015
0.08489999999999753
1.1839000000000013
0.8101999999999983
1.2543999999999969
1.1496999999999993
1.1893999999999991
1.283800000000003
1.2166999999999994
1.2378999999999998
1.2138999999999989
1.5212000000000003
1.2018999999999984
0.4515999999999991
1.3815999999999988
1.1881999999999984
0.209699999999998
1.2104
1.157399999999999
1.2394999999999996
1.159200000000002
0.4024000000000001
1.2829000000000015
1.2305000000000028
1.2432000000000016
0.2809999999999988
1.1975000000000016
0.22940000000000182
1.2669999999999995
1.7377000000000002
0.6480999999999959
0.6092000000000013
1.3563999999999972
0.4878
0.6874000000000002
1.430299999999999
1.275699999999997
1.4479000000000006
0.4552999999999976
0.6419999999999995
1.4954
1.453800000000001
0.8277999999999999
1.1789000000000023
0.7342000000000013
0.40690000000000026
0.758899999999997
1.0823
1.3080999999999996
1.1903000000000006
1.209900000000001
1.1750000000000007
0.3672000000000004
0.5920999999999985
0.6473000000000013
1.4791000000000025
0.8141999999999996
0.14539999999999864
0.49099999999999966
0.3923999999999985
0.4725999999999999
0.2773000000000003
0.8304000000000009
0.7878000000000007
0.6231000000000009
0.501100000000001
1.4284
0.7045999999999992
0.6448999999999998
0.5021999999999984
0.7986000000000004
1.4553000000000011
0.18970000000000198
0.5032999999999994
1.0848999999999975
0.5822000000000003
1.055299999999999
1.7332999999999998
1.274000000000001
1.5966999999999985
1.640699999999999
0.2806999999999995
0.4637000000000029
1.5161000000000016
0.5740000000000016
0.9873000000000012
1.5512999999999977
0.9280000000000008
0.6817999999999991
0.5842999999999989
0.9528999999999996
0.28319999999999723
0.7542000000000009
0.6860000000000035
1.1323000000000008
1.8754999999999988
0.5626999999999995
0.4939999999999998
0.37970000000000326
0.5889999999999986
0.6075000000000017
0.3094000000000001
1.1792999999999978
0.8747000000000007
0.8307000000000002
0.835600000000003
2.6473577516531996
0.6260000000000012
0.424199999999999
1.5238000000000014
1.3244000000000007
0.915300000000002
0.6651999999999987
0.7697000000000003
0.9482999999999997
0.7873000000000019
0.5275999999999996
1.370200000000004
1.2963999999999984
0.7512000000000008
0.3611000000000004
1.5913000000000004
1.0274
0.2961999999999989
0.7259999999999991
0.745000000000001
0.6297999999999995
0.8404999999999987
0.8962000000000003
1.5006999999999984
1.3412999999999968
1.020100000000003
0.6507000000000005
1.1950000000000003
1.2470999999999997
0.8260000000000005
0.5861999999999981
0.6370000000000005
0.4369999999999976
0.8094999999999999
0.6311000000000035
0.9741000000000035
0.9557000000000002
0.7063000000000024
1.1552000000000007
0.47059999999999746
1.8457000000000008
1.741299999999999
1.4587000000000003
0.601700000000001
0.6956999999999987
0.5030000000000001
0.5672999999999995
0.9335999999999984
1.1933000000000007
0.8878000000000021
1.2813999999999979
0.8280999999999992
0.28289999999999793
0.9146000000000001
1.0761000000000003
0.5223000000000013
0.2835000000000001
0.9991000000000021
1.131499999999999
1.2341000000000015
0.25290000000000035
1.0944000000000003
0.6512999999999991
0.4693000000000005
1.1961000000000013
0.24099999999999966
1.3217999999999996
1.2689999999999984
1.2139999999999986
1.436799999999998
0.20980000000000132
1.2576999999999998
1.2312000000000012
0.9787999999999997
1.3540000000000028
0.1966000000000001
0.5486000000000004
1.4042999999999992
1.2530000000000001
1.1682000000000023
1.2452000000000005
1.1142999999999965
1.1713999999999984
1.2043
1.0658999999999992
1.2608000000000033
1.3857
1.2169000000000025
1.2487999999999992
0.5717999999999996
0.2187000000000019
1.2273999999999994
0.20599999999999952
0.8458000000000006
1.2444000000000024
1.1461000000000006
1.2708000000000013
0.3545000000000016
1.1916999999999973
1.1428000000000011
