19.8074
21.1465
21.6351
20.9564
21.3948
20.7974
21.2713
21.6128
21.9455
21.5035
20.8705
21.8453
20.495
21.5611
21.5742
21.6748
21.3727
20.1881
17.7956
21.1624
21.5169
21.7238
20.4812
20.9444
21.8964
19.5569
18.9692
21.6513
21.3388
21.1099
21.6545
18.1115
21.6233
19.840999999999998
20.6967
21.7253
21.6072
19.4743
19.6957
20.6256
21.8027
20.4695
21.6987
21.8149
21.858
20.7703
20.3994
21.844
21.1443
21.5524
19.679000000000002
19.1408
21.7101
20.3436
21.785
21.0816
21.524
20.0522
20.618000000000002
21.6788
21.0362
21.1499
21.9576
21.1416
21.7777
20.324
21.3747
20.8563
20.4376
20.8158
21.531
21.9208
21.3148
20.7122
20.9366
21.9903
21.9839
17.7939
21.9479
21.1676
21.0604
21.3958
21.6226
21.6188
21.2788
21.6174
21.8561
21.5938
21.1685
21.2603
20.088
20.6634
21.1786
19.9573
21.9697
20.3908
20.2347
19.3356
19.8694
20.8427
21.9582
20.9206
21.3429
20.9778
21.98
17.886
21.5548
20.5231
19.6423
18.8771
21.2901
19.8831
21.2835
21.006
19.8021
19.723
19.6242
21.09
20.9541
19.5837
19.7369
21.9125
17.7224
18.4373
21.488000000000003
17.7264
19.9489
21.77
20.7266
19.9296
21.2457
20.4202
18.0877
20.7553
20.3443
20.7261
20.1011
18.09
18.2518
19.8471
21.2406
19.2521
20.7549
21.2072
20.1537
20.8062
21.3985
20.0628
19.0734
18.3419
18.7462
21.3682
21.6861
20.6022
21.9455
21.105999999999998
20.6024
21.9653
20.3247
21.9191
21.8197
21.8973
21.5358
21.8509
20.6183
20.026
21.3409
21.7966
21.3662
21.7118
21.3428
20.9492
19.1599
20.1582
21.5626
21.2478
21.0307
21.9346
21.9252
21.5372
19.2986
20.9167
21.2692
21.122
19.5967
20.3102
19.4585
21.8378
21.853
21.6335
21.7498
21.9717
21.0999
21.6502
21.9034
19.1584
20.673000000000002
21.769000000000002
21.2729
21.8938
20.2811
21.509
21.7941
21.9408
21.5278
21.2068
21.5889
21.7994
21.3967
21.3376
21.0051
19.8385
21.9724
20.9467
21.4608
21.7692
20.9369
21.7391
21.8238
21.9861
21.0298
21.8683
18.8557
20.5407
17.4841
21.6725
21.9311
18.2244
19.8547
20.4016
21.305999999999997
20.0748
19.1202
21.5276
21.6962
21.6393
21.4397
20.8348
20.4867
20.8233
21.5151
20.739
20.6544
21.4881
19.8407
21.2868
21.7177
18.1518
19.3967
21.4993
21.7848
21.1394
19.9576
19.9433
19.3607
21.3592
21.2648
21.4031
21.9319
21.6363
21.616
21.3546
21.6019
21.2047
20.7582
21.8727
21.7801
21.6067
20.8511
20.853
21.7435
20.7147
21.2575
21.3695
21.1443
21.3404
18.7956
21.4967
21.8197
20.8177
21.6253
21.2378
21.3884
21.2767
21.0529
18.8341
19.6969
19.5828
21.0313
20.16
21.4244
19.588
21.7832
20.2389
21.9898
21.5849
21.4872
21.8039
20.4106
21.059
21.2733
21.6417
21.3034
21.8147
21.4198
20.3312
21.2115
21.4807
19.7848
21.1779
21.3772
21.3275
20.0138
20.405
21.0916
20.6107
21.6125
21.6626
21.8547
21.3439
20.726
21.8659
20.9142
21.3134
21.5317
21.0018
20.8615
21.6155
20.8227
21.8952
21.3276
20.5509
21.8865
20.8307
19.9927
21.0888
21.8695
20.076
21.4002
20.104
21.7488
21.4848
21.86
21.9569
21.2367
21.9438
21.7551
21.3708
21.7401
20.6769
20.9654
20.6147
20.9811
20.6398
20.7113
19.4387
21.1938
20.0005
20.8782
21.2323
20.2954
21.0624
20.849
20.9759
21.9667
21.6768
21.5537
21.2608
20.9838
21.5638
19.2885
21.554000000000002
19.7453
21.6186
19.5759
21.0337
21.107
21.1999
21.7174
21.4667
20.0229
21.9435
20.6918
21.1613
21.576
19.1122
21.3945
21.2361
21.2614
20.2627
20.2306
21.975
20.1507
21.3367
21.1058
21.0057
20.2429
20.3173
19.6013
20.1449
21.4105
21.6759
21.9371
21.3527
21.2643
21.583000000000002
21.2031
20.6592
21.0631
21.5966
20.2083
21.7401
21.3283
19.8535
21.3871
21.7231
20.2294
21.7711
21.8725
20.7548
21.3927
20.73
19.3831
21.4861
20.8251
21.6198
21.631999999999998
21.7302
21.9919
20.0962
21.8094
20.4172
21.2064
21.7697
21.0345
19.0551
20.8745
20.4965
21.9989
21.3191
21.7849
20.08
21.1461
21.8518
21.9298
21.98
21.4925
19.7698
20.6598
21.5136
21.0415
21.144000000000002
21.1907
21.7373
21.9006
21.9967
21.7696
21.4174
20.9952
21.3153
17.7939
20.7545
21.631
21.3984
19.1165
21.1352
21.5365
21.3298
20.7131
20.3588
21.3081
21.8504
21.2791
21.0741
20.7377
19.6097
21.9268
20.5154
21.8115
20.5275
21.4687
21.539
20.2196
21.9978
21.5827
21.3674
21.0283
21.6095
21.9571
21.4208
21.9723
20.5382
21.0206
19.6231
20.3647
21.5714
20.6443
19.0737
20.6901
21.7057
21.9156
20.7025
19.9852
21.6377
18.9508
21.3941
21.8968
20.9795
20.5722
21.8541
21.4619
21.5863
21.8834
21.8706
21.706
21.6883
21.2521
21.6342
21.8807
21.8602
20.0486
21.9476
20.2631
21.5536
20.2311
19.5523
21.8329
20.953000000000003
20.249000000000002
21.5996
21.9163
21.8318
21.2664
21.4967
21.4264
21.7553
21.9221
21.9521
21.4885
21.7453
21.504
21.7297
20.4977
20.9944
20.2091
21.5945
20.8249
21.6196
21.9872
21.6409
20.5182
20.853
21.7011
20.6936
20.3074
20.7644
21.5045
21.1326
18.4224
21.8122
21.5857
21.5244
19.8423
21.3962
20.9837
21.3125
19.9469
21.7901
21.4411
21.5965
21.128
21.7701
21.5102
21.9873
21.4869
21.2862
19.6284
21.2303
21.2911
21.8803
21.4577
21.58
21.3235
21.3832
19.4439
21.3839
20.0461
19.1443
21.103
20.155
18.4165
21.2066
20.5446
21.1422
20.3592
21.5806
20.4945
21.8977
21.1768
21.9064
21.8819
21.6741
18.7029
21.0726
21.1989
21.8684
21.5797
20.8977
18.1836
21.2737
17.9207
21.9224
21.5671
21.078000000000003
21.9198
21.5676
21.9078
20.9807
21.7847
21.3219
21.8139
21.2469
21.111
21.0675
20.9437
21.8583
21.5725
21.7027
20.5201
20.3806
21.3584
21.4159
20.733
20.4031
20.8912
20.3802
21.63
21.4974
21.269000000000002
20.6933
21.1746
19.3905
21.3157
21.4972
21.2877
21.1438
17.9524
18.1827
18.4311
21.7702
21.0646
20.4005
20.7609
21.1929
21.68
21.9404
21.6715
20.2861
21.8439
21.5767
21.1343
21.3629
20.1111
21.3838
19.136
20.3803
21.1551
20.9362
21.576
20.3718
21.0085
21.8265
18.804000000000002
21.9949
21.6838
21.4908
21.0984
20.0996
17.9354
21.1245
21.6881
21.1572
21.3528
17.9004
21.1163
21.936999999999998
21.0337
21.184
21.3656
21.3176
21.4973
21.945
21.7166
20.974
19.9614
21.6072
21.0304
20.8633
21.2378
19.8682
20.8374
21.8599
19.7414
20.4617
20.5403
21.6709
21.5182
21.7833
21.5361
21.645
20.1866
21.1175
21.4975
21.8186
21.2679
21.2602
21.2829
20.9425
21.8491
18.4997
21.1567
21.5119
21.6986
20.0814
21.7633
21.995
21.5538
20.7273
21.9506
21.2563
20.7849
21.4752
20.6668
20.6566
20.6988
20.6379
21.3062
20.4299
21.8256
21.1848
21.2852
21.573
21.9198
21.7121
21.1757
21.3388
21.6981
21.2542
20.7566
21.6685
21.2717
21.5629
21.4947
20.6245
21.7095
21.573
21.5122
21.8915
21.3992
20.5037
21.2421
20.1169
21.7849
21.6523
21.4709
21.874000000000002
20.9575
20.828000000000003
21.3004
21.0182
20.4743
21.7103
21.9386
21.5082
19.7765
21.6361
21.596999999999998
19.1656
20.8971
21.307
21.7762
21.7493
21.9604
21.9697
21.8434
21.2389
20.7032
21.7237
20.7152
20.9288
21.824
21.2603
21.91
21.7264
21.4422
21.1756
19.6802
20.4446
21.1634
17.8555
20.6196
21.666
20.2376
20.6675
18.9235
19.9796
21.815
21.5
20.9501
20.3387
20.9767
20.8741
21.3339
17.7817
20.8839
20.8426
20.2907
21.8729
21.6671
21.0779
21.9836
20.8291
20.6497
21.7441
21.7208
21.1736
21.8288
20.7425
20.8396
21.5819
21.6532
21.9481
21.4086
21.4964
21.5305
20.1072
21.3213
21.4898
19.7033
21.9922
21.2309
20.7747
20.7388
19.9084
20.7845
21.1778
21.2855
21.4608
21.6525
21.1579
21.9082
19.295
20.0036
21.7879
21.6971
21.1976
21.7786
20.7469
21.1383
20.7817
21.9375
18.5259
20.6637
21.485
21.7619
17.0787
21.5263
20.9935
21.9588
21.5196
21.3708
21.3222
21.9291
21.3326
21.5815
21.6849
20.4438
21.199
21.9566
21.7565
20.5937
21.7718
20.496
20.9953
21.9712
21.8158
19.1528
21.3146
21.6933
21.7538
21.2673
21.1597
20.1107
21.0531
21.973000000000003
18.5884
20.9713
19.9409
21.4852
20.274
19.5493
20.7776
19.4475
19.8209
21.7896
21.4984
21.516
19.8373
19.7921
21.2527
20.9146
18.7841
21.8098
21.0732
21.4688
21.7807
20.8752
19.7282
21.1666
21.8024
21.8295
20.3696
20.9867
18.5325
21.8301
21.0601
21.9471
21.6005
19.51
21.8526
19.27
19.4937
19.4327
21.1603
21.2668
20.5767
21.026999999999997
21.803
20.1498
21.9452
20.6731
18.675
20.7203
19.8128
21.7852
20.6953
20.5979
20.4815
20.5236
20.6767
17.6811
20.3278
19.2774
19.0816
18.049
17.7002
20.2942
19.3047
21.3564
21.8624
18.3464
21.8357
19.92
21.4199
19.421
18.2129
21.2988
20.945999999999998
20.8628
21.9906
21.383000000000003
20.5888
21.7752
21.2509
18.2191
20.2063
18.4742
20.8379
17.8138
21.0795
19.5006
20.1286
20.8158
20.9115
18.4776
20.3744
21.7729
19.3232
20.5121
20.7438
21.9463
19.1019
20.8957
20.0143
21.7091
20.3803
20.9827
21.7302
21.7199
19.4528
19.9117
21.6213
19.1478
19.0628
19.9011
21.7384
21.9138
20.3782
20.6667
20.0384
21.3787
17.680999999999997
19.8191
18.0632
20.1906
20.1128
20.1444
20.5517
21.413
19.542
21.076999999999998
20.5842
19.0098
18.6277
21.8637
19.6788
19.8182
19.3886
18.7627
21.1153
20.555
19.9236
19.4679
20.8049
21.7133
20.044
19.8933
20.6091
20.4301
17.9214
19.285
21.8963
19.9872
20.4269
19.0976
20.4478
20.1835
21.5872
17.8614
18.7288
18.9672
18.9608
19.5498
21.4849
20.6243
21.2641
20.8107
20.2329
19.9705
20.7928
19.47
20.7089
21.3705
18.9832
19.8008
18.7092
20.0948
21.6282
19.0807
21.9219
20.1736
20.9656
19.3363
19.5883
20.5442
21.9812
21.5261
20.445999999999998
18.8315
17.8108
21.5014
20.7128
20.815
17.5384
21.6633
21.5275
20.6704
20.6089
20.4452
20.6245
21.3727
20.9661
21.4243
21.0473
21.6951
19.5357
21.7524
19.9716
18.9645
21.2616
18.7052
21.2147
19.1461
20.3839
19.6291
19.4937
17.9442
20.184
20.2775
20.0165
20.4215
18.8808
20.7538
20.0741
18.1676
18.6519
20.2792
20.8066
20.8155
20.592
20.2154
20.1636
20.9276
17.7013
21.1399
19.7213
20.8724
21.6253
20.0013
20.5828
18.7129
20.2694
18.8069
20.7373
21.9404
20.8236
18.6914
21.7072
21.3069
18.7808
19.1634
20.514
20.5253
21.8175
18.1418
19.3787
20.0476
20.7148
21.726999999999997
19.9762
21.7645
21.1197
20.0439
19.8167
20.5971
20.7816
19.3542
21.4103
17.5502
19.5724
20.4148
19.1634
19.6388
21.4424
19.37
20.9464
21.483
19.9662
19.5099
18.3184
21.4756
20.4998
21.1707
19.1455
21.2745
19.6512
19.6774
20.6078
21.1691
20.7117
21.506
19.5403
20.5416
19.7067
20.0254
21.8522
21.2378
19.7204
20.662
21.8474
19.2845
21.3296
19.0492
21.6951
19.7307
21.1828
21.6034
21.8344
21.816999999999997
20.8989
20.5012
20.5517
20.0649
20.1972
20.8137
19.2027
20.5653
19.5061
21.9299
21.4697
21.2905
20.9286
21.5482
21.9862
21.3481
21.445999999999998
21.0806
20.836
21.4112
21.7167
21.1374
21.7519
21.5776
21.3626
20.9941
21.1766
16.4804
21.7912
21.5941
20.0813
21.0276
21.962
20.3299
21.9666
21.1841
21.0763
21.8715
21.9513
20.4734
21.7697
21.7723
21.2919
21.5677
18.0139
21.1984
20.0857
21.2667
20.9195
21.7286
19.5296
21.9307
21.1029
21.7393
19.9232
21.1405
21.8426
21.0262
21.9237
21.7047
21.3343
20.3027
21.2149
21.9973
21.9739
20.3711
19.0598
21.3956
21.3626
20.9051
21.3237
19.3785
21.465
21.9468
19.8261
21.6857
20.5313
20.6402
19.2399
21.2598
21.4134
20.6194
20.6936
21.7525
18.0943
20.0985
16.998
21.6891
21.7255
19.8488
21.4292
21.5058
20.7882
20.9036
19.5603
21.3446
21.9001
21.7414
21.9695
20.4696
20.1292
21.7724
20.8199
21.2208
19.7808
18.9435
21.4412
21.9727
20.7766
21.1456
19.6372
20.6621
21.766
20.7886
21.1963
19.903
21.6981
20.9267
21.8987
21.7157
20.2731
21.561999999999998
21.5614
20.0614
20.4424
19.1685
21.864
21.4873
21.8013
20.1845
18.2967
20.5405
19.9799
21.8725
19.2452
18.9526
20.6483
21.5035
19.1111
20.0182
21.331999999999997
21.3714
20.5587
21.268
20.0041
18.8905
17.6803
20.1179
20.6493
21.4182
21.4583
20.6076
20.0722
20.5617
21.4227
17.4109
20.0837
19.297
21.1422
19.9585
18.2257
18.3058
19.8633
17.7829
18.0619
19.203
