69
18
4
72
33
63
7
5
2
4
54
42
48
6
15
3
6
57
99
43
14
4
47
44
50
77
79
5
8
18
4
99
23
68
36
4
90
78
67
73
22
49
60
22
3
27
47
40
62
41
77
78
6
48
2
35
61
65
63
80
35
17
21
20
2
56
60
52
47
72
32
70
7
54
27
21
1
99
13
62
52
6
0
14
33
15
3
23
17
70
57
53
34
67
12
65
56
86
67
38
3
39
7
44
3
99
6
47
69
97
29
75
54
52
94
68
85
81
39
69
85
60
99
99
71
99
75
50
39
59
7
74
99
37
48
64
93
98
98
59
54
95
39
19
59
39
70
93
96
98
88
19
80
53
22
17
47
12
48
21
32
60
24
13
45
59
18
12
16
41
16
28
79
57
23
60
54
30
3
5
78
52
16
17
85
48
79
3
21
32
13
11
28
80
2
78
54
5
7
22
57
70
60
22
24
44
70
10
16
71
63
67
2
63
71
2
36
4
22
13
27
32
88
55
99
60
31
98
68
47
25
58
87
6
31
23
16
63
47
36
4
37
47
16
67
7
5
99
79
0
4
42
65
58
79
70
35
25
31
32
14
7
20
54
38
3
4
24
45
45
0
38
25
53
44
7
97
15
42
46
13
35
53
42
43
89
67
77
54
57
33
69
11
75
2
60
6
13
46
26
7
10
35
0
25
73
80
15
66
53
25
43
58
65
27
73
15
62
60
51
37
60
36
71
60
63
39
24
37
40
63
73
21
63
58
35
12
58
62
58
23
33
12
13
16
22
3
8
31
37
37
46
35
45
37
79
7
57
72
16
65
43
36
53
1
70
6
25
53
6
79
41
68
50
69
34
34
25
5
24
66
60
38
52
62
86
42
81
25
56
59
13
75
16
43
26
65
48
69
57
51
15
70
51
43
15
25
47
27
16
65
32
33
68
25
4
56
13
13
92
16
43
86
23
38
60
6
40
1
57
31
54
51
13
27
79
36
73
11
53
13
75
62
12
32
12
24
66
48
42
36
81
71
23
41
31
23
16
52
25
99
63
14
33
78
63
6
43
64
49
42
21
9
17
45
68
22
74
61
46
24
23
74
31
41
61
44
32
13
9
12
46
35
77
49
91
48
79
37
13
22
36
67
15
97
25
70
36
45
2
6
23
13
31
42
32
9
50
50
2
75
71
57
33
65
86
4
53
65
60
23
21
25
33
33
40
50
13
24
12
33
0
48
53
58
15
73
2
50
15
46
53
41
52
57
37
5
26
98
22
15
15
68
42
35
9
69
3
16
61
43
12
5
12
24
26
77
26
24
31
8
16
26
24
79
61
74
79
35
57
89
62
46
18
49
41
48
40
27
22
3
9
89
35
17
32
50
45
99
71
99
32
0
36
13
33
13
72
11
42
12
17
36
26
37
61
50
12
74
47
9
7
37
49
38
74
61
24
34
55
35
78
25
23
34
26
99
99
99
0
43
47
55
26
0
22
0
49
22
5
26
62
92
16
77
48
26
36
33
49
52
41
97
3
31
9
35
57
99
26
32
26
26
99
52
21
45
62
62
7
42
31
0
43
66
15
54
36
17
75
37
13
69
54
45
60
70
4
0
15
56
90
24
61
26
34
51
37
13
89
17
71
4
58
31
11
16
52
32
51
55
16
38
37
38
63
7
46
21
9
43
15
4
60
52
33
4
71
45
23
17
4
6
55
13
15
33
70
7
47
54
57
23
24
71
21
51
44
19
36
47
32
21
42
84
4
51
78
38
61
61
4
22
21
70
43
38
32
46
28
12
35
12
70
33
61
68
48
26
99
45
15
56
37
88
76
4
50
45
49
81
54
9
99
36
53
74
22
0
36
40
82
44
10
15
71
21
37
63
41
4
12
16
25
6
84
7
61
69
50
18
63
36
75
36
62
25
42
0
72
12
79
59
23
4
7
10
38
27
53
22
99
63
15
23
99
23
26
12
19
33
34
12
42
16
0
93
43
31
2
55
41
46
28
3
31
79
26
31
32
18
26
74
62
3
89
45
67
5
57
86
82
86
68
32
0
6
66
75
35
54
88
80
72
16
23
55
69
18
3
12
47
29
89
50
36
4
62
79
70
96
96
95
51
72
48
63
4
74
70
63
88
92
94
30
82
82
82
49
39
98
93
94
96
99
98
83
96
8
4
98
60
93
81
94
97
80
63
37
71
80
74
4
63
99
93
97
39
99
81
85
84
63
52
97
92
81
87
49
39
4
79
39
57
50
49
81
80
80
94
93
61
96
97
75
70
13
75
73
59
71
98
94
98
84
93
59
73
19
86
29
30
97
88
70
94
85
79
96
43
82
75
85
82
70
59
94
49
82
99
86
3
84
48
88
83
59
40
98
97
96
96
85
20
64
19
20
75
75
39
79
73
19
95
84
89
59
6
79
24
76
62
94
85
73
3
7
82
96
99
61
82
73
99
50
80
44
55
49
49
80
81
24
28
4
78
6
58
89
61
89
51
87
82
69
85
98
59
76
75
64
96
73
84
97
97
93
39
39
82
59
93
90
98
71
85
39
80
57
64
97
74
96
82
60
72
96
30
51
88
96
83
64
30
98
79
93
20
80
84
61
80
59
93
55
82
79
63
99
94
49
96
67
80
95
52
80
93
85
97
80
73
17
95
71
69
85
64
53
64
7
94
82
85
59
61
19
93
52
21
79
42
79
3
85
43
61
3
13
62
64
47
65
48
37
79
55
77
60
50
81
28
15
13
71
24
29
38
7
3
28
22
24
6
26
52
99
12
4
58
62
1
49
32
26
35
50
60
43
60
3
8
61
99
43
84
34
27
4
68
1
26
15
75
51
23
27
13
4
15
49
42
22
22
47
86
16
16
52
42
79
0
22
67
13
48
64
87
26
7
82
45
1
99
57
99
15
32
75
42
33
38
44
86
24
13
13
11
47
58
32
55
34
76
79
60
70
52
17
69
38
10
55
43
67
71
45
1
22
56
0
2
75
92
96
4
62
20
58
97
49
92
50
94
94
49
10
96
75
81
19
47
20
84
96
98
84
73
90
50
92
93
73
81
99
59
96
29
56
97
98
84
99
98
86
